101052
99142
107141
103768
103288
108061
100533
100883
107789
108734
101487
105898
105222
106895
99078
106094
103945
108345
100359
99536
100564
103098
105318
107909
101229
106297
99482
106589
108870
100894
101543
100766
106657
101198
103710
100386
100378
101239
100903
106101
108925
100703
102826
106669
101515
99789
102112
107239
100273
108516
99165
106198
106082
106755
103225
99546
108506
101118
99059
100321
106402
103290
102613
101585
108529
100411
108437
102625
107385
102078
108385
107083
102781
108421
104376
106305
101188
102758
100104
103426
101806
101122
105275
108699
104777
100934
106625
102670
100963
101107
105916
106628
103004
101566
103005
104609
99411
100455
103282
103804
105213
102554
105692
104059
99253
102888
106818
102448
99047
101010
99543
99573
101867
107994
99900
108041
105473
104810
102053
101464
100992
100737
101901
99980
100559
101745
106649
102326
105967
99626
101468
108138
100607
107348
108720
100702
99390
105887
99327
100864
106814
101386
100101
106810
108765
107285
102742
103351
100066
100264
101999
99090
99370
99103
101821
99139
101248
104252
107887
107272
107086
100395
104716
106901
103382
102771
101012
106892
99231
99986
100649
104378
105440
103430
105257
108007
106429
107930
103074
103580
106293
103575
105524
100450
99095
105014
101749
99295
105864
102214
103176
105423
105574
102626
108778
99491
106426
105072
102689
102556
108735
101306
106949
99479
101717
108316
101676
105014
103780
106882
100360
108577
99424
100959
102111
106657
104321
106365
99021
102697
99968
100392
106619
101731
103697
105896
105133
100670
100163
104898
99823
105528
101784
101214
103966
104173
103813
101623
103670
108653
101961
101876
108095
105247
100573
104729
106118
103336
106960
99068
105004
101417
100495
103481
104433
102891
103174
101637
102063
102252
103625
100066
102294
108151
107250
102935
103162
102901
99128
107164
104895
108725
100500
99737
103808
108620
103923
108204
101250
106781
107306
102588
104027
101191
101917
105041
103250
101809
106877
103759
100805
102486
101685
105559
105933
108977
105155
104940
107266
104391
99207
99317
106654
106774
101149
102536
100754
106321
99498
100801
107162
100569
100648
107173
104450
104811
101778
106873
99045
103132
105438
102497
103866
101140
101214
103529
105917
101069
100517
106485
103038
101035
103129
103466
105132
105017
102348
105897
100687
108567
102091
104639
100088
108948
106195
106621
108665
100429
103462
106872
108211
100483
100642
108864
103316
106111
100460
100529
102301
100933
102270
100379
102965
99513
103046
101090
104160
105716
104762
103461
104925
103700
107868
103471
103905
106214
99842
99983
104791
104325
100658
108407
99252
103696
100960
104662
108652
103421
107975
100278
102791
106815
106040
100214
100800
107400
104182
106373
106915
104576
100206
107955
107748
99889
107767
108216
100144
104567
102477
105392
99445
102603
100125
100941
105552
104345
107087
108011
108937
108919
105383
103665
102737
103173
104139
105901
108791
102098
107601
105132
99757
103509
105488
104588
99166
103430
101331
102498
102443
100719
100604
106234
103274
103958
101695
102178
108142
100216
99178
99510
106197
103813
107381
108745
104067
108973
101101
99832
105985
99134
101904
108655
105622
108938
108568
100423
104289
100443
101176
108806
102091
103126
101256
104981
100960
107984
105504
105919
102935
100835
105766
106079
102022
104671
108967
100743
104663
106625
100919
103488
107160
103859
101530
101556
103397
100729
106862
102237
102886
102408
100222
99563
102488
100916
102615
99352
104604
101328
100296
101436
100722
104707
103148
100959
100964
107884
103751
106514
101747
100279
103202
106364
105585
99755
103991
106693
108547
108793
107243
108661
104292
106164
104462
101594
107449
103265
99555
107851
101417
101533
105120
99632
107177
99313
101541
102637
108841
100742
102876
108386
107423
105832
100853
101509
108567
100125
107103
108554
104183
105410
106037
103575
103572
103913
100190
107194
100135
100020
99171
105303
101565
100433
106558
105811
105618
101107
107848
100386
102731
104820
100559
104784
101445
99852
107928
99986
101904
106400
107290
108794
101067
108443
100726
104412
102590
100446
102312
99220
106890
100007
102479
107315
103713
100754
102572
105214
108709
99986
105661
99797
103746
105358
106854
106836
101211
106187
99635
106411
99893
102605
105745
103470
102069
103662
106549
104923
106170
100378
106035
104303
100634
106560
99952
100280
103325
100585
101425
103016
99532
105894
103564
107247
105960
100187
99355
105605
100698
104893
101711
101721
103629
105357
105034
108572
107709
108577
99899
101341
103167
99223
99639
102404
104702
99225
101516
105837
108824
100607
106150
103258
108813
99447
101293
107127
100243
101429
99796
108251
107065
105002
108275
102099
99938
106630
99727
107263
100621
105214
101086
106217
100934
102315
108941
106186
104542
106520
101021
100251
102668
101322
103921
102683
106624
103005
105273
100149
103195
100402
106380
100175
99585
104522
102902
104514
101369
100993
101303
101565
103851
106267
108184
102888
108086
103120
101131
105481
108788
103175
101770
99497
108574
104131
99452
102435
100687
107904
104150
99506
105450
99947
104216
102872
107946
100437
101395
105021
100045
101142
100474
101742
102560
108945
100416
101009
107273
102156
100939
101754
99878
101196
99291
105871
108761
107490
100526
108059
103600
101687
103262
105781
106134
106569
103185
103310
108411
101475
103471
102157
101044
99597
99329
106923
99555
106665
99230
105485
101333
100840
106164
99172
100669
103264
100264
105222
99475
100751
105231
105035
105612
99180
107400
103735
102872
101058
99008
100090
107662
107035
108307
103545
103479
104238
107490
103403
104221
104585
107226
102003
108210
100413
100446
106304
107200
103803
100826
101413
99925
100322
100263
106009
99082
105878
102509
102751
107319
102335
100475
108980
100025
99335
99000
104826
100494
108305
103191
107414
104662
106842
99228
105339
100506
107473
100498
103349
106553
108981
99336
101861
103350
103507
102622
102496
104019
99020
102291
104694
99628
100216
106684
100147
99172
105726
100869
102423
102656
107630
102199
106821
105557
103780
102285
102750
100387
103981
107798
105980
108990
101175
108074
104765
99791
107434
99613
104245
105311
104824
108836
100515
108447
108806
105339
99231
106424
100839
108690
103544
108406
100637
106122
99424
99236
107487
99060
100579
101285
107257
105204
108732
102423
101734
106008
99110
99480
104591
101611
99875
102726
101248
106455
99182
103688
100335
108910
105201
103517
105516
101159
104486
100840
103878
106873
100189
102904
99027
105513
103187
102362
101677
105875
106077
104110
100989
104330
100199
106681
100057
107600
105167
100911
99694
106148
100448
102062
102395
105710
102496
101531
102339
100892
101256
99853
103728
102202
108487
108652
102904
100452
105717
106808
105281
103275
99656
101721
108243
105384
103049
106921
104274
101332
105843
99395
103304
101139
104849
100474
105172
102660
102724
103657
100101
6838
5758
113
7515
1051
5627
3010
7419
6212
4086
2749
2767
9084
2060
2225
7543
5089
1183
5137
5566
6966
4978
495
311
1367
54
7031
3145
9882
5736
524
8505
8394
2102
4851
9067
2754
1653
6561
7096
3628
5188
2085
4143
6967
1406
4165
3403
5562
4834
1353
920
444
4803
7962
9318
1422
1327
457
1945
4479
9983
8751
3894
8670
8259
6248
7757
5629
3306
8606
3990
1738
2516
1414
5262
7116
2825
3181
3134
5343
8022
1233
7536
9760
9979
9071
1201
1336
3061
2160
4005
729
7644
7475
1693
5514
4139
2088
6521
5202
9171
4434
8317
4582
6815
4586
9653
6306
7174
8451
3448
6473
2434
8193
4110
4748
8210
9320
2049
2956
4162
4166
4997
7793
2310
1391
9799
7926
4905
5885
2582
5610
5000
8052
965
120
2380
5639
6204
4385
2475
5725
7265
3214
9471
1376
4697
5543
3297
4619
3087
3123
1549
8065
4256
8973
901
5613
6157
9899
9267
2413
9598
8526
3711
46
4566
8536
5988
9878
3626
4273
8387
1171
2017
3752
2388
1191
1483
8122
1744
8528
5585
5363
159
5641
8176
9575
8578
7363
7685
9344
9489
7713
5511
1461
2626
8645
3496
6703
6270
3870
1529
7499
4500
8607
5808
5725
2457
6542
6474
1531
7222
3952
7024
9894
4015
8247
1276
6278
9365
8746
1976
8092
5851
9088
9163
2231
6233
9732
1106
5411
9874
5448
9344
7589
7574
1191
6789
695
1735
364
7040
7892
5035
6979
1092
850
2390
195
668
531
9989
2281
3902
2970
2186
9571
3680
7261
6187
8529
4190
446
4233
3708
1863
6681
6001
2499
3786
5214
5829
1322
5907
9628
3192
7505
5990
129
875
9829
1591
2388
6042
9833
1775
4719
342
8994
1392
509
1313
677
1282
1511
4795
3474
6469
2750
879
989
134
9752
8364
4880
5629
2235
1332
4145
3356
5243
3079
3988
807
4979
1357
914
1187
3540
4022
149
609
9009
4833
6696
5432
4999
8863
6369
8676
4077
7701
1691
9840
8703
6515
2229
2420
9817
6264
9324
9343
1462
8929
3546
7043
8967
325
2683
5634
6322
6642
5395
1612
2864
9910
1985
3126
3988
685
6978
1050
6476
6365
1126
4193
8681
1011
3058
1249
1247
4731
8650
774
7980
833
7868
7778
3624
1115
1645
5892
9408
7939
7285
6202
8018
1334
4058
7062
3784
1901
6684
4289
7141
6702
6853
3458
8528
3363
1087
9052
1235
5109
7075
1755
675
288
2053
4157
5758
5222
7488
8945
294
1200
5171
4305
7951
6601
3608
7214
6377
3865
5369
7215
8030
177
6849
1337
2699
3099
8531
1517
7567
8479
9966
2597
4885
2341
5227
7149
785
9615
6476
753
4236
7730
9668
1210
7519
7608
5142
6999
449
4246
8638
2941
2481
3726
6738
6047
8947
3300
1639
7996
3866
4785
7571
5356
2633
7289
551
312
4426
7357
8056
6252
410
2384
4353
2029
3579
7882
1882
1577
1368
1502
8902
1012
1365
379
4256
9244
7870
3365
9619
7665
1293
9441
9484
2759
5400
6211
4144
5335
2704
2520
3789
2121
1913
3571
2369
2770
1594
887
8093
2317
1188
7640
4295
2490
5859
3106
4786
7097
5062
7943
1247
2292
6846
3962
8479
7584
1352
2044
1695
6498
4714
9737
7346
8482
4064
4946
9822
9265
2868
2792
3990
9561
6959
9917
9754
2104
5745
347
5825
1980
8338
2465
5490
4541
599
8097
6677
510
5347
4667
6316
673
8163
4647
2817
9965
8871
6485
6846
9937
6241
5861
4670
8166
6879
7445
407
1638
1113
1101
2516
8014
3898
1452
8117
1364
2926
465
3845
5032
1696
8585
3455
92
8288
1755
9167
7412
5030
1717
4842
8572
6393
7828
1805
3660
5838
9046
8182
3772
2354
5377
4885
2759
2934
1903
6159
6145
45
6847
7401
9783
4167
781
4287
2347
3402
9964
4711
637
693
9417
937
4313
5541
2528
3019
1618
3716
5402
6270
8242
8468
2045
602
8286
559
2674
5146
1019
1243
197
6870
7908
448
7327
8485
7622
4890
883
943
1201
701
4682
3524
8895
7276
4798
2511
5522
4311
5209
6359
2912
8759
7148
6683
2877
8571
2334
6331
7324
577
635
6663
7061
451
9544
6984
8693
9975
519
1472
9641
9349
3391
563
2184
9958
41
7666
3363
5344
2410
8635
1006
68
6660
562
9323
3764
1307
7773
683
9013
8216
8834
5571
5241
2303
4754
928
3417
2048
2018
9931
7621
2209
4669
1098
555
4662
2444
2109
6760
5574
4544
8339
610
8189
4549
8320
4081
5264
6022
4847
9521
4628
7552
6278
873
4029
2489
3359
1352
279
8717
560
3189
8583
795
687
6339
3935
3988
7703
7958
212
9567
553
3368
2047
3068
611
4154
3429
8895
3393
908
5960
169
5462
7323
3929
2149
9305
9149
2724
2584
6224
413
6281
2389
1357
4887
7532
1555
2299
9490
6460
4911
4183
2704
7412
961
382
3608
5811
7168
794
2286
3771
7844
6684
1255
9227
6960
7448
9086
8526
1211
6131
8645
1552
8627
6110
5149
7828
2048
2559
9668
4167
3050
5588
7746
8929
2410
791
5985
8737
3952
8576
1375
8485
4922
6941
1557
700
1408
1826
8213
2301
3680
161
8390
2500
2716
7768
8079
1599
8949
1357
2421
7804
7717
6490
6228
112
2016
9512
8751
1015
2553
9164
6200
464
7859
2212
3806
5444
5710
7377
9417
1994
7341
2706
6839
9707
3593
2820

2212
3806
5444
5710
7377
9417
1994
7341
2706
6839
9707
3593
2820
3236
7254
1688
5003
2203
8788
3915
1199
3424
4408
6490
7655
1593
3310
3072
2038
5087
1697
3526
7448
7497
5802
9649
555
5891
1020
8267
4366